x= (6+6)/2

y <- 14/7
